H3 ok: all 3674160 states solved optimally, paths verified (20.3 s)
dist   states   mean nodes   worst nodes   worst state
   0        1          0.0             0   12345671111111
   1        9          5.0             9   13642571111111
   2       54          8.5            15   13752641122133
   3      321         12.1            31   15426731111111
   4     1847         16.0           105   15473261111111
   5     9992         21.3           617   12374561111111
   6    50136         29.7          1022   32176541111111
   7   227536         55.5          2339   14763251232113
   8   870072        187.8          4146   13572641111111
   9  1887748        841.5         20216   12346751111111
  10   623800       2985.8         49543   74321651111111
  11     2644      14611.0        114378   12347651111111
